option = {
    tooltip: {
        trigger: 'axis',
        axisPointer: {
            type: 'cross',
            crossStyle: {
                color: '#999'
            }
        }
    },
    toolbox: {
        feature: {
            dataView: {show: true, readOnly: false},
            magicType: {show: true, type: ['line', 'bar']},
            restore: {show: true},
            saveAsImage: {show: true}
        }
    },
    legend: {
        data: ['Pop/Rock music',  'popularity','R&B;','Jazz','Country','Electronic','acousticness']
    },
    xAxis: [
        {
            type: 'category',
            data: [1921, 1922, 1923, 1924, 1925, 1926, 1927, 1928, 1929, 1930, 1931, 1932, 1933, 1934, 1935, 1936, 1937, 1938, 1939, 1940, 1941, 1942, 1943, 1944, 1945, 1946, 1947, 1948, 1949, 1950, 1951, 1952, 1953, 1954, 1955, 1956, 1957, 1958, 1959, 1960, 1961, 1962, 1963, 1964, 1965, 1966, 1967, 1968, 1969, 1970, 1971, 1972, 1973, 1974, 1975, 1976, 1977, 1978, 1979, 1980, 1981, 1982, 1983, 1984, 1985, 1986, 1987, 1988, 1989, 1990, 1991, 1992, 1993, 1994, 1995, 1996, 1997, 1998, 1999, 2000, 2001, 2002, 2003, 2004, 2005, 2006, 2007, 2008, 2009, 2010, 2011, 2012, 2013, 2014, 2015, 2016, 2017, 2018, 2019, 2020],
            axisPointer: {
                type: 'shadow'
            }
        }
    ],
    yAxis: [
        {
            type: 'value',
            name: 'acousticness',
            min: 0,
            max: 1.5,
            interval: 0.3,
            axisLabel: {
                formatter: '{value} '
            }
        },
        {
            type: 'value',
            name: 'Pop/Rock music',
            min: 0,
            max: 1500,
            interval: 100,
            axisLabel: {
                formatter: '{value} '
            }
        }
    ],
    series: [
        {
            name: 'acousticness',
            type: 'bar',
            data: [0.895823438, 0.9392361109999999, 0.9763289409999999, 0.9355745440000001, 0.965422053, 0.7409195940000001, 0.934606323, 0.946188006, 0.591110509, 0.943474167, 0.875893523, 0.940087683, 0.90501086, 0.89285375, 0.781330269, 0.795903499, 0.899630872, 0.9161265270000001, 0.882833908, 0.84711055, 0.8995705490000001, 0.851035543, 0.9157940059999999, 0.893705469, 0.701386808, 0.9242169259999999, 0.915398535, 0.93426515, 0.907894695, 0.866723461, 0.9049332959999999, 0.8618859179999999, 0.8911394579999999, 0.8679190720000001, 0.8450710370000001, 0.82009984, 0.79008145, 0.777831215, 0.77708802, 0.757064973, 0.751735725, 0.7130967659999999, 0.712598155, 0.6863645620000001, 0.607825756, 0.5338556560000001, 0.516564568, 0.48882821299999996, 0.44372195200000003, 0.452994844, 0.4529077, 0.457332818, 0.412536525, 0.437783753, 0.415703517, 0.362252849, 0.332094207, 0.316198631, 0.282255005, 0.282898615, 0.292430356, 0.28324909800000003, 0.277094656, 0.271246582, 0.278964298, 0.271672888, 0.301076418, 0.302313665, 0.300095781, 0.30409253199999997, 0.315968343, 0.306602951, 0.29101732199999997, 0.288333828, 0.28495528, 0.285922864, 0.303142846, 0.277977635, 0.263356708, 0.286654303, 0.270392167, 0.275408605, 0.24737943199999998, 0.26421029100000004, 0.246816743, 0.266283979, 0.24180436100000002, 0.24111812, 0.24526934600000003, 0.22871228300000002, 0.239381757, 0.23619658600000001, 0.24196859, 0.23761402, 0.246800921, 0.280289704, 0.289916291, 0.271940903, 0.289297545, 0.247374037]        },

        {
            name: 'Pop/Rock music',
            type: 'line',
            yAxisIndex: 1,
            data:[0, 0, 0, 0, 1, 0, 0, 0, 0, 8, 0, 0, 0, 0, 0, 0, 0, 1, 0, 0, 2, 1, 0, 0, 2, 0, 3, 0, 3, 0, 0, 0, 0, 2, 1, 32, 85, 134, 153, 210, 227, 254, 443, 424, 629, 811, 945, 866, 1132, 1190, 1081, 931, 1122, 1105, 974, 951, 1156, 991, 1130, 1086, 1063, 1068, 1152, 1023, 1036, 997, 1015, 966, 933, 825, 772, 754, 692, 795, 714, 683, 673, 620, 712, 737, 701, 789, 848, 774, 711, 783, 790, 750, 658, 607, 543, 627, 585, 463, 430, 314, 302, 231, 251, 204]        },
  
            ]
};